1013 1323
1017 1348
1018 887
1021 975
1025 1243
1027 1462
1030 1213
1031 1016
1032 968
1036 585
1037 943
1038 1078
1044 1028
1050 662
1051 798
1057 756
1060 574
1061 253
1064 749
1071 661
1073 239
1079 688
1084 359
1086 384
1092 245
1095 700
1105 529
1106 166
1110 1018
1119 931
1122 519
1125 704
1126 309
1134 538
1140 952
1145 496
1147 309
1157 332
1158 429
1159 936
1169 622
1170 614
1173 289
1180 172
1191 478
1193 230
1194 160
1200 560
1201 677
1205 484
1217 760
1223 164
1226 386
1228 164
1230 150
1233 658
1246 193
1252 144
1257 1266
1264 157
1270 126
1274 112
1277 184
1283 391
1287 193
1295 138
1298 296
1299 161
1310 74
1312 55
1316 254
1326 836
1327 210
1329 77
1334 265
1335 48
1342 120
1344 116
1345 72
1351 54
1352 82
1360 230
1362 16
1364 164
1365 57
1376 12
1381 75
1382 387
1394 119
1399 45