1038 1143
1050 676
1061 258
1071 687
1073 247
1084 369
1086 390
1092 247
1106 168
1126 313
1147 314
1157 338
1158 447
1173 292
1030 1295
1180 173
1193 235
1194 164
1223 165
1228 164
1230 160
1246 193
1252 146
1264 158
1270 129
1274 115
1287 195
1295 141
1277 186
1283 395
1298 304
1302 116
1299 161
1310 75
1312 56
1316 261
1327 212
1329 78
1334 268
1335 48
1342 122
1344 117
1345 72
1351 54
1352 83
1360 234
1362 16
1364 166
1365 57
1376 12
1381 75
1382 394
1394 119
1399 46
1406 246
1415 166
1416 44
1420 176
1421 428
1422 590
1431 3
1436 1
1442 0
